   1.9790000e+03   1.5410000e+01   1.6180000e+01   1.6340000e+01   1.5450000e+01   1.3860000e+01   1.2530000e+01   1.0310000e+01   8.0400000e+00   7.0500000e+00   8.7500000e+00   1.0940000e+01   1.3340000e+01
   1.9800000e+03   1.4860000e+01   1.5960000e+01   1.6040000e+01   1.5430000e+01   1.3790000e+01   1.2200000e+01   1.0100000e+01   7.9800000e+00   7.6700000e+00   9.1800000e+00   1.1380000e+01   1.3590000e+01
   1.9810000e+03   1.4910000e+01   1.5600000e+01   1.5630000e+01   1.5010000e+01   1.3800000e+01   1.2430000e+01   1.0270000e+01   7.8400000e+00   7.1400000e+00   8.8600000e+00   1.0930000e+01   1.3340000e+01
   1.9820000e+03   1.5180000e+01   1.5970000e+01   1.6040000e+01   1.5470000e+01   1.3970000e+01   1.2480000e+01   1.0370000e+01   8.1400000e+00   7.3000000e+00   9.4200000e+00   1.1630000e+01   1.3640000e+01
   1.9830000e+03   1.4940000e+01   1.6010000e+01   1.6090000e+01   1.5170000e+01   1.3490000e+01   1.2300000e+01   1.0570000e+01   8.1900000e+00   7.3900000e+00   9.3300000e+00   1.1460000e+01   1.3300000e+01
   1.9840000e+03   1.4470000e+01   1.5300000e+01   1.5580000e+01   1.5010000e+01   1.3580000e+01   1.2150000e+01   9.9800000e+00   7.7700000e+00   6.8100000e+00   8.5600000e+00   1.0840000e+01   1.2990000e+01
   1.9850000e+03   1.4720000e+01   1.5470000e+01   1.5890000e+01   1.5360000e+01   1.4070000e+01   1.2220000e+01   9.7400000e+00   7.4000000e+00   6.7000000e+00   8.5500000e+00   1.1020000e+01   1.3050000e+01
   1.9860000e+03   1.4890000e+01   1.5780000e+01   1.5910000e+01   1.5060000e+01   1.3380000e+01   1.1980000e+01   1.0150000e+01   7.9800000e+00   7.4100000e+00   9.4800000e+00   1.1450000e+01   1.3220000e+01
   1.9870000e+03   1.4970000e+01   1.6050000e+01   1.5820000e+01   1.5210000e+01   1.3740000e+01   1.2490000e+01   1.0330000e+01   7.6300000e+00   7.2800000e+00   9.0500000e+00   1.1220000e+01   1.3420000e+01
   1.9880000e+03   1.4960000e+01   1.5580000e+01   1.5960000e+01   1.5120000e+01   1.3560000e+01   1.1940000e+01   9.8100000e+00   7.8900000e+00   7.3700000e+00   9.1300000e+00   1.1330000e+01   1.3630000e+01
   1.9890000e+03   1.4950000e+01   1.5500000e+01   1.5420000e+01   1.4330000e+01   1.3040000e+01   1.2240000e+01   1.0130000e+01   7.8800000e+00   7.0100000e+00   8.8300000e+00   1.1120000e+01   1.3390000e+01
   1.9900000e+03   1.4780000e+01   1.5580000e+01   1.5870000e+01   1.4650000e+01   1.3230000e+01   1.1640000e+01   9.2500000e+00   6.8000000e+00   6.1400000e+00   8.4800000e+00   1.1080000e+01   1.3110000e+01
   1.9910000e+03   1.4360000e+01   1.5250000e+01   1.5420000e+01   1.4860000e+01   1.3470000e+01   1.2110000e+01   9.5100000e+00   7.4200000e+00   6.4700000e+00   8.5400000e+00   1.0880000e+01   1.2950000e+01
   1.9920000e+03   1.4640000e+01   1.5460000e+01   1.5480000e+01   1.4680000e+01   1.3220000e+01   1.2150000e+01   1.0320000e+01   7.9300000e+00   7.4700000e+00   9.3200000e+00   1.1380000e+01   1.3410000e+01
   1.9930000e+03   1.4900000e+01   1.5690000e+01   1.5810000e+01   1.5080000e+01   1.3370000e+01   1.1870000e+01   9.4800000e+00   7.3300000e+00   6.4000000e+00   8.7900000e+00   1.1320000e+01   1.3320000e+01
   1.9940000e+03   1.4730000e+01   1.5560000e+01   1.5550000e+01   1.4890000e+01   1.3620000e+01   1.2020000e+01   9.9300000e+00   7.6400000e+00   7.1400000e+00   8.9200000e+00   1.1120000e+01   1.3270000e+01
   1.9950000e+03   1.4590000e+01   1.5230000e+01   1.5260000e+01   1.4450000e+01   1.2970000e+01   1.1440000e+01   8.9900000e+00   6.7400000e+00   6.0800000e+00   7.8300000e+00   1.0760000e+01   1.2920000e+01
   1.9960000e+03   1.4180000e+01   1.5150000e+01   1.5120000e+01   1.4220000e+01   1.3090000e+01   1.2080000e+01   1.0160000e+01   8.1800000e+00   7.5800000e+00   9.1600000e+00   1.0400000e+01   1.2860000e+01
   1.9970000e+03   1.4420000e+01   1.5440000e+01   1.5470000e+01   1.4560000e+01   1.3180000e+01   1.1740000e+01   9.4100000e+00   7.2900000e+00   6.6900000e+00   8.3400000e+00   1.0680000e+01   1.3080000e+01
   1.9980000e+03   1.4720000e+01   1.5750000e+01   1.5600000e+01   1.4890000e+01   1.3590000e+01   1.1710000e+01   9.4200000e+00   7.5100000e+00   6.5400000e+00   8.4500000e+00   1.0440000e+01   1.2760000e+01
   1.9990000e+03   1.4360000e+01   1.5310000e+01   1.5400000e+01   1.5080000e+01   1.3750000e+01   1.1780000e+01   9.4900000e+00   7.2300000e+00   6.1200000e+00   8.6000000e+00   1.0800000e+01   1.2640000e+01
   2.0000000e+03   1.4220000e+01   1.5140000e+01   1.5220000e+01   1.4560000e+01   1.3150000e+01   1.1670000e+01   9.5100000e+00   7.1700000e+00   6.2500000e+00   8.3800000e+00   1.0320000e+01   1.2640000e+01
   2.0010000e+03   1.4200000e+01   1.5210000e+01   1.5520000e+01   1.4860000e+01   1.3510000e+01   1.1460000e+01   9.0700000e+00   7.4600000e+00   6.7300000e+00   8.3000000e+00   1.0660000e+01   1.2490000e+01
   2.0020000e+03   1.4270000e+01   1.5340000e+01   1.5350000e+01   1.4300000e+01   1.2970000e+01   1.1580000e+01   9.2700000e+00   6.6000000e+00   5.8300000e+00   8.1600000e+00   1.0340000e+01   1.2610000e+01
   2.0030000e+03   1.4390000e+01   1.5190000e+01   1.5480000e+01   1.4510000e+01   1.3020000e+01   1.1600000e+01   9.2100000e+00   6.9400000e+00   6.1200000e+00   7.8500000e+00   1.0130000e+01   1.2590000e+01
   2.0040000e+03   1.4030000e+01   1.4910000e+01   1.4990000e+01   1.3990000e+01   1.2560000e+01   1.1450000e+01   9.4300000e+00   6.8500000e+00   5.9800000e+00   7.9300000e+00   1.0340000e+01   1.2550000e+01
   2.0050000e+03   1.3660000e+01   1.4370000e+01   1.4690000e+01   1.4090000e+01   1.2910000e+01   1.1160000e+01   8.6500000e+00   6.3000000e+00   5.5000000e+00   7.3500000e+00   1.0220000e+01   1.2230000e+01
   2.0060000e+03   1.3470000e+01   1.4320000e+01   1.4420000e+01   1.3910000e+01   1.2520000e+01   1.0920000e+01   8.4600000e+00   6.5000000e+00   5.8600000e+00   7.5400000e+00   9.6600000e+00   1.1950000e+01
   2.0070000e+03   1.3700000e+01   1.4510000e+01   1.4540000e+01   1.3850000e+01   1.2780000e+01   1.1220000e+01   7.9400000e+00   5.3400000e+00   4.2700000e+00   6.0400000e+00   9.7600000e+00   1.2030000e+01
   2.0080000e+03   1.3890000e+01   1.4950000e+01   1.5180000e+01   1.4350000e+01   1.2970000e+01   1.1210000e+01   8.6800000e+00   5.9100000e+00   4.6900000e+00   7.3500000e+00   1.0340000e+01   1.2360000e+01
   2.0090000e+03   1.3910000e+01   1.4810000e+01   1.4980000e+01   1.4500000e+01   1.3190000e+01   1.1320000e+01   8.4700000e+00   6.1400000e+00   5.2600000e+00   6.9200000e+00   9.7700000e+00   1.2200000e+01
   2.0100000e+03   1.3740000e+01   1.4580000e+01   1.5140000e+01   1.4660000e+01   1.2870000e+01   1.0590000e+01   8.0700000e+00   5.8700000e+00   4.8700000e+00   6.9800000e+00   9.6100000e+00   1.1830000e+01
   2.0110000e+03   1.3460000e+01   1.4360000e+01   1.4550000e+01   1.4110000e+01   1.2680000e+01   1.0750000e+01   7.7200000e+00   5.5000000e+00   4.5600000e+00   6.4600000e+00   9.7700000e+00   1.2150000e+01
   2.0120000e+03   1.3730000e+01   1.4550000e+01   1.5200000e+01   1.4630000e+01   1.3010000e+01   1.0670000e+01   7.6700000e+00   4.7200000e+00   3.5700000e+00   5.8900000e+00   9.3900000e+00   1.2010000e+01
   2.0130000e+03   1.3700000e+01   1.4720000e+01   1.5030000e+01   1.4300000e+01   1.3000000e+01   1.1360000e+01   8.1300000e+00   6.0100000e+00   5.2100000e+00   7.4500000e+00   9.9400000e+00   1.2180000e+01
   2.0140000e+03   1.3650000e+01   1.4420000e+01   1.4760000e+01   1.4090000e+01   1.2700000e+01   1.1030000e+01   8.1100000e+00   6.0800000e+00   5.2200000e+00   7.2300000e+00   1.0110000e+01   1.2350000e+01
   2.0150000e+03   1.3600000e+01   1.4400000e+01   1.4370000e+01   1.3890000e+01   1.2470000e+01   1.0880000e+01   8.3800000e+00   5.6000000e+00   4.6200000e+00   6.9700000e+00   9.8500000e+00   1.2040000e+01
   2.0160000e+03   1.3460000e+01   1.4200000e+01   1.4400000e+01   1.3680000e+01   1.1920000e+01   1.0410000e+01   7.9400000e+00   5.3700000e+00   4.5300000e+00   6.0800000e+00   8.6600000e+00   1.1460000e+01
   2.0170000e+03   1.3190000e+01   1.4120000e+01   1.4290000e+01   1.3750000e+01   1.2630000e+01   1.0760000e+01   7.9400000e+00   5.4800000e+00   4.8200000e+00   6.7700000e+00   9.4900000e+00   1.1740000e+01
   2.0180000e+03   1.3080000e+01   1.3970000e+01   1.4300000e+01   1.3700000e+01   1.2230000e+01   1.0780000e+01   8.2700000e+00   5.6100000e+00   4.7900000e+00   6.1300000e+00   9.8200000e+00   1.1860000e+01
   2.0190000e+03   1.3570000e+01   1.4390000e+01   1.4570000e+01   1.3430000e+01   1.2190000e+01   1.0590000e+01   7.5900000e+00   5.0300000e+00   4.3600000e+00   5.7300000e+00   9.3500000e+00   1.1900000e+01
   2.0200000e+03   1.3650000e+01   1.4680000e+01   1.4780000e+01   1.3730000e+01   1.2360000e+01   1.0580000e+01   7.2800000e+00   5.0800000e+00   3.9200000e+00   5.2800000e+00   8.9900000e+00   1.1770000e+01
