   1.9790417e+03   1.5410000e+01
   1.9791250e+03   1.6180000e+01
   1.9792083e+03   1.6340000e+01
   1.9792917e+03   1.5450000e+01
   1.9793750e+03   1.3860000e+01
   1.9794583e+03   1.2530000e+01
   1.9795417e+03   1.0310000e+01
   1.9796250e+03   8.0400000e+00
   1.9797083e+03   7.0500000e+00
   1.9797917e+03   8.7500000e+00
   1.9798750e+03   1.0940000e+01
   1.9799583e+03   1.3340000e+01
   1.9800417e+03   1.4860000e+01
   1.9801250e+03   1.5960000e+01
   1.9802083e+03   1.6040000e+01
   1.9802917e+03   1.5430000e+01
   1.9803750e+03   1.3790000e+01
   1.9804583e+03   1.2200000e+01
   1.9805417e+03   1.0100000e+01
   1.9806250e+03   7.9800000e+00
   1.9807083e+03   7.6700000e+00
   1.9807917e+03   9.1800000e+00
   1.9808750e+03   1.1380000e+01
   1.9809583e+03   1.3590000e+01
   1.9810417e+03   1.4910000e+01
   1.9811250e+03   1.5600000e+01
   1.9812083e+03   1.5630000e+01
   1.9812917e+03   1.5010000e+01
   1.9813750e+03   1.3800000e+01
   1.9814583e+03   1.2430000e+01
   1.9815417e+03   1.0270000e+01
   1.9816250e+03   7.8400000e+00
   1.9817083e+03   7.1400000e+00
   1.9817917e+03   8.8600000e+00
   1.9818750e+03   1.0930000e+01
   1.9819583e+03   1.3340000e+01
   1.9820417e+03   1.5180000e+01
   1.9821250e+03   1.5970000e+01
   1.9822083e+03   1.6040000e+01
   1.9822917e+03   1.5470000e+01
   1.9823750e+03   1.3970000e+01
   1.9824583e+03   1.2480000e+01
   1.9825417e+03   1.0370000e+01
   1.9826250e+03   8.1400000e+00
   1.9827083e+03   7.3000000e+00
   1.9827917e+03   9.4200000e+00
   1.9828750e+03   1.1630000e+01
   1.9829583e+03   1.3640000e+01
   1.9830417e+03   1.4940000e+01
   1.9831250e+03   1.6010000e+01
   1.9832083e+03   1.6090000e+01
   1.9832917e+03   1.5170000e+01
   1.9833750e+03   1.3490000e+01
   1.9834583e+03   1.2300000e+01
   1.9835417e+03   1.0570000e+01
   1.9836250e+03   8.1900000e+00
   1.9837083e+03   7.3900000e+00
   1.9837917e+03   9.3300000e+00
   1.9838750e+03   1.1460000e+01
   1.9839583e+03   1.3300000e+01
   1.9840417e+03   1.4470000e+01
   1.9841250e+03   1.5300000e+01
   1.9842083e+03   1.5580000e+01
   1.9842917e+03   1.5010000e+01
   1.9843750e+03   1.3580000e+01
   1.9844583e+03   1.2150000e+01
   1.9845417e+03   9.9800000e+00
   1.9846250e+03   7.7700000e+00
   1.9847083e+03   6.8100000e+00
   1.9847917e+03   8.5600000e+00
   1.9848750e+03   1.0840000e+01
   1.9849583e+03   1.2990000e+01
   1.9850417e+03   1.4720000e+01
   1.9851250e+03   1.5470000e+01
   1.9852083e+03   1.5890000e+01
   1.9852917e+03   1.5360000e+01
   1.9853750e+03   1.4070000e+01
   1.9854583e+03   1.2220000e+01
   1.9855417e+03   9.7400000e+00
   1.9856250e+03   7.4000000e+00
   1.9857083e+03   6.7000000e+00
   1.9857917e+03   8.5500000e+00
   1.9858750e+03   1.1020000e+01
   1.9859583e+03   1.3050000e+01
   1.9860417e+03   1.4890000e+01
   1.9861250e+03   1.5780000e+01
   1.9862083e+03   1.5910000e+01
   1.9862917e+03   1.5060000e+01
   1.9863750e+03   1.3380000e+01
   1.9864583e+03   1.1980000e+01
   1.9865417e+03   1.0150000e+01
   1.9866250e+03   7.9800000e+00
   1.9867083e+03   7.4100000e+00
   1.9867917e+03   9.4800000e+00
   1.9868750e+03   1.1450000e+01
   1.9869583e+03   1.3220000e+01
   1.9870417e+03   1.4970000e+01
   1.9871250e+03   1.6050000e+01
   1.9872083e+03   1.5820000e+01
   1.9872917e+03   1.5210000e+01
   1.9873750e+03   1.3740000e+01
   1.9874583e+03   1.2490000e+01
   1.9875417e+03   1.0330000e+01
   1.9876250e+03   7.6300000e+00
   1.9877083e+03   7.2800000e+00
   1.9877917e+03   9.0500000e+00
   1.9878750e+03   1.1220000e+01
   1.9879583e+03   1.3420000e+01
   1.9880417e+03   1.4960000e+01
   1.9881250e+03   1.5580000e+01
   1.9882083e+03   1.5960000e+01
   1.9882917e+03   1.5120000e+01
   1.9883750e+03   1.3560000e+01
   1.9884583e+03   1.1940000e+01
   1.9885417e+03   9.8100000e+00
   1.9886250e+03   7.8900000e+00
   1.9887083e+03   7.3700000e+00
   1.9887917e+03   9.1300000e+00
   1.9888750e+03   1.1330000e+01
   1.9889583e+03   1.3630000e+01
   1.9890417e+03   1.4950000e+01
   1.9891250e+03   1.5500000e+01
   1.9892083e+03   1.5420000e+01
   1.9892917e+03   1.4330000e+01
   1.9893750e+03   1.3040000e+01
   1.9894583e+03   1.2240000e+01
   1.9895417e+03   1.0130000e+01
   1.9896250e+03   7.8800000e+00
   1.9897083e+03   7.0100000e+00
   1.9897917e+03   8.8300000e+00
   1.9898750e+03   1.1120000e+01
   1.9899583e+03   1.3390000e+01
   1.9900417e+03   1.4780000e+01
   1.9901250e+03   1.5580000e+01
   1.9902083e+03   1.5870000e+01
   1.9902917e+03   1.4650000e+01
   1.9903750e+03   1.3230000e+01
   1.9904583e+03   1.1640000e+01
   1.9905417e+03   9.2500000e+00
   1.9906250e+03   6.8000000e+00
   1.9907083e+03   6.1400000e+00
   1.9907917e+03   8.4800000e+00
   1.9908750e+03   1.1080000e+01
   1.9909583e+03   1.3110000e+01
   1.9910417e+03   1.4360000e+01
   1.9911250e+03   1.5250000e+01
   1.9912083e+03   1.5420000e+01
   1.9912917e+03   1.4860000e+01
   1.9913750e+03   1.3470000e+01
   1.9914583e+03   1.2110000e+01
   1.9915417e+03   9.5100000e+00
   1.9916250e+03   7.4200000e+00
   1.9917083e+03   6.4700000e+00
   1.9917917e+03   8.5400000e+00
   1.9918750e+03   1.0880000e+01
   1.9919583e+03   1.2950000e+01
   1.9920417e+03   1.4640000e+01
   1.9921250e+03   1.5460000e+01
   1.9922083e+03   1.5480000e+01
   1.9922917e+03   1.4680000e+01
   1.9923750e+03   1.3220000e+01
   1.9924583e+03   1.2150000e+01
   1.9925417e+03   1.0320000e+01
   1.9926250e+03   7.9300000e+00
   1.9927083e+03   7.4700000e+00
   1.9927917e+03   9.3200000e+00
   1.9928750e+03   1.1380000e+01
   1.9929583e+03   1.3410000e+01
   1.9930417e+03   1.4900000e+01
   1.9931250e+03   1.5690000e+01
   1.9932083e+03   1.5810000e+01
   1.9932917e+03   1.5080000e+01
   1.9933750e+03   1.3370000e+01
   1.9934583e+03   1.1870000e+01
   1.9935417e+03   9.4800000e+00
   1.9936250e+03   7.3300000e+00
   1.9937083e+03   6.4000000e+00
   1.9937917e+03   8.7900000e+00
   1.9938750e+03   1.1320000e+01
   1.9939583e+03   1.3320000e+01
   1.9940417e+03   1.4730000e+01
   1.9941250e+03   1.5560000e+01
   1.9942083e+03   1.5550000e+01
   1.9942917e+03   1.4890000e+01
   1.9943750e+03   1.3620000e+01
   1.9944583e+03   1.2020000e+01
   1.9945417e+03   9.9300000e+00
   1.9946250e+03   7.6400000e+00
   1.9947083e+03   7.1400000e+00
   1.9947917e+03   8.9200000e+00
   1.9948750e+03   1.1120000e+01
   1.9949583e+03   1.3270000e+01
   1.9950417e+03   1.4590000e+01
   1.9951250e+03   1.5230000e+01
   1.9952083e+03   1.5260000e+01
   1.9952917e+03   1.4450000e+01
   1.9953750e+03   1.2970000e+01
   1.9954583e+03   1.1440000e+01
   1.9955417e+03   8.9900000e+00
   1.9956250e+03   6.7400000e+00
   1.9957083e+03   6.0800000e+00
   1.9957917e+03   7.8300000e+00
   1.9958750e+03   1.0760000e+01
   1.9959583e+03   1.2920000e+01
   1.9960417e+03   1.4180000e+01
   1.9961250e+03   1.5150000e+01
   1.9962083e+03   1.5120000e+01
   1.9962917e+03   1.4220000e+01
   1.9963750e+03   1.3090000e+01
   1.9964583e+03   1.2080000e+01
   1.9965417e+03   1.0160000e+01
   1.9966250e+03   8.1800000e+00
   1.9967083e+03   7.5800000e+00
   1.9967917e+03   9.1600000e+00
   1.9968750e+03   1.0400000e+01
   1.9969583e+03   1.2860000e+01
   1.9970417e+03   1.4420000e+01
   1.9971250e+03   1.5440000e+01
   1.9972083e+03   1.5470000e+01
   1.9972917e+03   1.4560000e+01
   1.9973750e+03   1.3180000e+01
   1.9974583e+03   1.1740000e+01
   1.9975417e+03   9.4100000e+00
   1.9976250e+03   7.2900000e+00
   1.9977083e+03   6.6900000e+00
   1.9977917e+03   8.3400000e+00
   1.9978750e+03   1.0680000e+01
   1.9979583e+03   1.3080000e+01
   1.9980417e+03   1.4720000e+01
   1.9981250e+03   1.5750000e+01
   1.9982083e+03   1.5600000e+01
   1.9982917e+03   1.4890000e+01
   1.9983750e+03   1.3590000e+01
   1.9984583e+03   1.1710000e+01
   1.9985417e+03   9.4200000e+00
   1.9986250e+03   7.5100000e+00
   1.9987083e+03   6.5400000e+00
   1.9987917e+03   8.4500000e+00
   1.9988750e+03   1.0440000e+01
   1.9989583e+03   1.2760000e+01
   1.9990417e+03   1.4360000e+01
   1.9991250e+03   1.5310000e+01
   1.9992083e+03   1.5400000e+01
   1.9992917e+03   1.5080000e+01
   1.9993750e+03   1.3750000e+01
   1.9994583e+03   1.1780000e+01
   1.9995417e+03   9.4900000e+00
   1.9996250e+03   7.2300000e+00
   1.9997083e+03   6.1200000e+00
   1.9997917e+03   8.6000000e+00
   1.9998750e+03   1.0800000e+01
   1.9999583e+03   1.2640000e+01
   2.0000417e+03   1.4220000e+01
   2.0001250e+03   1.5140000e+01
   2.0002083e+03   1.5220000e+01
   2.0002917e+03   1.4560000e+01
   2.0003750e+03   1.3150000e+01
   2.0004583e+03   1.1670000e+01
   2.0005417e+03   9.5100000e+00
   2.0006250e+03   7.1700000e+00
   2.0007083e+03   6.2500000e+00
   2.0007917e+03   8.3800000e+00
   2.0008750e+03   1.0320000e+01
   2.0009583e+03   1.2640000e+01
   2.0010417e+03   1.4200000e+01
   2.0011250e+03   1.5210000e+01
   2.0012083e+03   1.5520000e+01
   2.0012917e+03   1.4860000e+01
   2.0013750e+03   1.3510000e+01
   2.0014583e+03   1.1460000e+01
   2.0015417e+03   9.0700000e+00
   2.0016250e+03   7.4600000e+00
   2.0017083e+03   6.7300000e+00
   2.0017917e+03   8.3000000e+00
   2.0018750e+03   1.0660000e+01
   2.0019583e+03   1.2490000e+01
   2.0020417e+03   1.4270000e+01
   2.0021250e+03   1.5340000e+01
   2.0022083e+03   1.5350000e+01
   2.0022917e+03   1.4300000e+01
   2.0023750e+03   1.2970000e+01
   2.0024583e+03   1.1580000e+01
   2.0025417e+03   9.2700000e+00
   2.0026250e+03   6.6000000e+00
   2.0027083e+03   5.8300000e+00
   2.0027917e+03   8.1600000e+00
   2.0028750e+03   1.0340000e+01
   2.0029583e+03   1.2610000e+01
   2.0030417e+03   1.4390000e+01
   2.0031250e+03   1.5190000e+01
   2.0032083e+03   1.5480000e+01
   2.0032917e+03   1.4510000e+01
   2.0033750e+03   1.3020000e+01
   2.0034583e+03   1.1600000e+01
   2.0035417e+03   9.2100000e+00
   2.0036250e+03   6.9400000e+00
   2.0037083e+03   6.1200000e+00
   2.0037917e+03   7.8500000e+00
   2.0038750e+03   1.0130000e+01
   2.0039583e+03   1.2590000e+01
   2.0040417e+03   1.4030000e+01
   2.0041250e+03   1.4910000e+01
   2.0042083e+03   1.4990000e+01
   2.0042917e+03   1.3990000e+01
   2.0043750e+03   1.2560000e+01
   2.0044583e+03   1.1450000e+01
   2.0045417e+03   9.4300000e+00
   2.0046250e+03   6.8500000e+00
   2.0047083e+03   5.9800000e+00
   2.0047917e+03   7.9300000e+00
   2.0048750e+03   1.0340000e+01
   2.0049583e+03   1.2550000e+01
   2.0050417e+03   1.3660000e+01
   2.0051250e+03   1.4370000e+01
   2.0052083e+03   1.4690000e+01
   2.0052917e+03   1.4090000e+01
   2.0053750e+03   1.2910000e+01
   2.0054583e+03   1.1160000e+01
   2.0055417e+03   8.6500000e+00
   2.0056250e+03   6.3000000e+00
   2.0057083e+03   5.5000000e+00
   2.0057917e+03   7.3500000e+00
   2.0058750e+03   1.0220000e+01
   2.0059583e+03   1.2230000e+01
   2.0060417e+03   1.3470000e+01
   2.0061250e+03   1.4320000e+01
   2.0062083e+03   1.4420000e+01
   2.0062917e+03   1.3910000e+01
   2.0063750e+03   1.2520000e+01
   2.0064583e+03   1.0920000e+01
   2.0065417e+03   8.4600000e+00
   2.0066250e+03   6.5000000e+00
   2.0067083e+03   5.8600000e+00
   2.0067917e+03   7.5400000e+00
   2.0068750e+03   9.6600000e+00
   2.0069583e+03   1.1950000e+01
   2.0070417e+03   1.3700000e+01
   2.0071250e+03   1.4510000e+01
   2.0072083e+03   1.4540000e+01
   2.0072917e+03   1.3850000e+01
   2.0073750e+03   1.2780000e+01
   2.0074583e+03   1.1220000e+01
   2.0075417e+03   7.9400000e+00
   2.0076250e+03   5.3400000e+00
   2.0077083e+03   4.2700000e+00
   2.0077917e+03   6.0400000e+00
   2.0078750e+03   9.7600000e+00
   2.0079583e+03   1.2030000e+01
   2.0080417e+03   1.3890000e+01
   2.0081250e+03   1.4950000e+01
   2.0082083e+03   1.5180000e+01
   2.0082917e+03   1.4350000e+01
   2.0083750e+03   1.2970000e+01
   2.0084583e+03   1.1210000e+01
   2.0085417e+03   8.6800000e+00
   2.0086250e+03   5.9100000e+00
   2.0087083e+03   4.6900000e+00
   2.0087917e+03   7.3500000e+00
   2.0088750e+03   1.0340000e+01
   2.0089583e+03   1.2360000e+01
   2.0090417e+03   1.3910000e+01
   2.0091250e+03   1.4810000e+01
   2.0092083e+03   1.4980000e+01
   2.0092917e+03   1.4500000e+01
   2.0093750e+03   1.3190000e+01
   2.0094583e+03   1.1320000e+01
   2.0095417e+03   8.4700000e+00
   2.0096250e+03   6.1400000e+00
   2.0097083e+03   5.2600000e+00
   2.0097917e+03   6.9200000e+00
   2.0098750e+03   9.7700000e+00
   2.0099583e+03   1.2200000e+01
   2.0100417e+03   1.3740000e+01
   2.0101250e+03   1.4580000e+01
   2.0102083e+03   1.5140000e+01
   2.0102917e+03   1.4660000e+01
   2.0103750e+03   1.2870000e+01
   2.0104583e+03   1.0590000e+01
   2.0105417e+03   8.0700000e+00
   2.0106250e+03   5.8700000e+00
   2.0107083e+03   4.8700000e+00
   2.0107917e+03   6.9800000e+00
   2.0108750e+03   9.6100000e+00
   2.0109583e+03   1.1830000e+01
   2.0110417e+03   1.3460000e+01
   2.0111250e+03   1.4360000e+01
   2.0112083e+03   1.4550000e+01
   2.0112917e+03   1.4110000e+01
   2.0113750e+03   1.2680000e+01
   2.0114583e+03   1.0750000e+01
   2.0115417e+03   7.7200000e+00
   2.0116250e+03   5.5000000e+00
   2.0117083e+03   4.5600000e+00
   2.0117917e+03   6.4600000e+00
   2.0118750e+03   9.7700000e+00
   2.0119583e+03   1.2150000e+01
   2.0120417e+03   1.3730000e+01
   2.0121250e+03   1.4550000e+01
   2.0122083e+03   1.5200000e+01
   2.0122917e+03   1.4630000e+01
   2.0123750e+03   1.3010000e+01
   2.0124583e+03   1.0670000e+01
   2.0125417e+03   7.6700000e+00
   2.0126250e+03   4.7200000e+00
   2.0127083e+03   3.5700000e+00
   2.0127917e+03   5.8900000e+00
   2.0128750e+03   9.3900000e+00
   2.0129583e+03   1.2010000e+01
   2.0130417e+03   1.3700000e+01
   2.0131250e+03   1.4720000e+01
   2.0132083e+03   1.5030000e+01
   2.0132917e+03   1.4300000e+01
   2.0133750e+03   1.3000000e+01
   2.0134583e+03   1.1360000e+01
   2.0135417e+03   8.1300000e+00
   2.0136250e+03   6.0100000e+00
   2.0137083e+03   5.2100000e+00
   2.0137917e+03   7.4500000e+00
   2.0138750e+03   9.9400000e+00
   2.0139583e+03   1.2180000e+01
   2.0140417e+03   1.3650000e+01
   2.0141250e+03   1.4420000e+01
   2.0142083e+03   1.4760000e+01
   2.0142917e+03   1.4090000e+01
   2.0143750e+03   1.2700000e+01
   2.0144583e+03   1.1030000e+01
   2.0145417e+03   8.1100000e+00
   2.0146250e+03   6.0800000e+00
   2.0147083e+03   5.2200000e+00
   2.0147917e+03   7.2300000e+00
   2.0148750e+03   1.0110000e+01
   2.0149583e+03   1.2350000e+01
   2.0150417e+03   1.3600000e+01
   2.0151250e+03   1.4400000e+01
   2.0152083e+03   1.4370000e+01
   2.0152917e+03   1.3890000e+01
   2.0153750e+03   1.2470000e+01
   2.0154583e+03   1.0880000e+01
   2.0155417e+03   8.3800000e+00
   2.0156250e+03   5.6000000e+00
   2.0157083e+03   4.6200000e+00
   2.0157917e+03   6.9700000e+00
   2.0158750e+03   9.8500000e+00
   2.0159583e+03   1.2040000e+01
   2.0160417e+03   1.3460000e+01
   2.0161250e+03   1.4200000e+01
   2.0162083e+03   1.4400000e+01
   2.0162917e+03   1.3680000e+01
   2.0163750e+03   1.1920000e+01
   2.0164583e+03   1.0410000e+01
   2.0165417e+03   7.9400000e+00
   2.0166250e+03   5.3700000e+00
   2.0167083e+03   4.5300000e+00
   2.0167917e+03   6.0800000e+00
   2.0168750e+03   8.6600000e+00
   2.0169583e+03   1.1460000e+01
   2.0170417e+03   1.3190000e+01
   2.0171250e+03   1.4120000e+01
   2.0172083e+03   1.4290000e+01
   2.0172917e+03   1.3750000e+01
   2.0173750e+03   1.2630000e+01
   2.0174583e+03   1.0760000e+01
   2.0175417e+03   7.9400000e+00
   2.0176250e+03   5.4800000e+00
   2.0177083e+03   4.8200000e+00
   2.0177917e+03   6.7700000e+00
   2.0178750e+03   9.4900000e+00
   2.0179583e+03   1.1740000e+01
   2.0180417e+03   1.3080000e+01
   2.0181250e+03   1.3970000e+01
   2.0182083e+03   1.4300000e+01
   2.0182917e+03   1.3700000e+01
   2.0183750e+03   1.2230000e+01
   2.0184583e+03   1.0780000e+01
   2.0185417e+03   8.2700000e+00
   2.0186250e+03   5.6100000e+00
   2.0187083e+03   4.7900000e+00
   2.0187917e+03   6.1300000e+00
   2.0188750e+03   9.8200000e+00
   2.0189583e+03   1.1860000e+01
   2.0190417e+03   1.3570000e+01
   2.0191250e+03   1.4390000e+01
   2.0192083e+03   1.4570000e+01
   2.0192917e+03   1.3430000e+01
   2.0193750e+03   1.2190000e+01
   2.0194583e+03   1.0590000e+01
   2.0195417e+03   7.5900000e+00
   2.0196250e+03   5.0300000e+00
   2.0197083e+03   4.3600000e+00
   2.0197917e+03   5.7300000e+00
   2.0198750e+03   9.3500000e+00
   2.0199583e+03   1.1900000e+01
   2.0200417e+03   1.3650000e+01
   2.0201250e+03   1.4680000e+01
   2.0202083e+03   1.4780000e+01
   2.0202917e+03   1.3730000e+01
   2.0203750e+03   1.2360000e+01
   2.0204583e+03   1.0580000e+01
   2.0205417e+03   7.2800000e+00
   2.0206250e+03   5.0800000e+00
   2.0207083e+03   3.9200000e+00
   2.0207917e+03   5.2800000e+00
   2.0208750e+03   8.9900000e+00
   2.0209583e+03   1.1770000e+01
